# Created by Octave 3.6.2, Thu May 16 13:15:21 2013 PDT <mikesi2@vizio>
# name: z2
# type: matrix
# rows: 50
# columns: 50
 -9 -8 -8 -7 -7 -6 -6 -6 -5 -5 -5 -5 -5 -5 -4 -4 -4 -4 -4 -4 -4 -4 -4 -4 -4 -3 -3 -3 -4 -4 -4 -4 -4 -4 -4 -5 -5 -5 -6 -7 -7 -8 -10 -11 -13 -14 -17 -19 -22 -26
 -8 -7 -7 -6 -6 -6 -5 -5 -5 -4 -4 -4 -4 -4 -4 -3 -3 -3 -3 -3 -3 -3 -3 -3 -3 -3 -3 -3 -3 -3 -3 -3 -3 -3 -3 -4 -4 -5 -5 -6 -7 -7 -9 -10 -12 -13 -16 -18 -21 -24
 -7 -7 -6 -6 -5 -5 -5 -4 -4 -4 -4 -3 -3 -3 -3 -3 -3 -3 -3 -2 -2 -2 -2 -2 -2 -2 -2 -2 -2 -2 -2 -2 -2 -3 -3 -3 -3 -4 -4 -5 -6 -7 -8 -9 -11 -13 -15 -17 -20 -24
 -7 -6 -6 -5 -5 -4 -4 -4 -3 -3 -3 -3 -3 -3 -2 -2 -2 -2 -2 -2 -2 -2 -2 -2 -2 -2 -1 -1 -2 -2 -2 -2 -2 -2 -2 -2 -3 -3 -4 -4 -5 -6 -7 -8 -10 -12 -14 -16 -19 -23
 -6 -6 -5 -5 -4 -4 -4 -3 -3 -3 -3 -2 -2 -2 -2 -2 -2 -2 -1 -1 -1 -1 -1 -1 -1 -1 -1 -1 -1 -1 -1 -1 -1 -1 -2 -2 -2 -3 -3 -4 -5 -5 -7 -8 -9 -11 -13 -16 -19 -22
 -6 -5 -5 -4 -4 -3 -3 -3 -3 -2 -2 -2 -2 -2 -2 -1 -1 -1 -1 -1 -1 -1 -1 -1 -1 -1 -1 -1 -1 -1 -1 -1 -1 -1 -1 -1 -2 -2 -3 -3 -4 -5 -6 -7 -9 -11 -13 -15 -18 -22
 -5 -5 -4 -4 -3 -3 -3 -2 -2 -2 -2 -2 -1 -1 -1 -1 -1 -1 -1 -1 -1 -0 -0 -0 -0 -0 -0 -0 -0 -0 -0 -0 -1 -1 -1 -1 -1 -2 -2 -3 -4 -5 -6 -7 -8 -10 -12 -15 -18 -21
 -5 -4 -4 -3 -3 -3 -2 -2 -2 -2 -1 -1 -1 -1 -1 -1 -1 -1 -0 -0 -0 -0 -0 -0 -0 0 0 0 0 0 -0 -0 -0 -0 -1 -1 -1 -1 -2 -3 -3 -4 -5 -7 -8 -10 -12 -14 -17 -21
 -5 -4 -4 -3 -3 -2 -2 -2 -2 -1 -1 -1 -1 -1 -1 -0 -0 -0 -0 -0 -0 0 0 0 0 0 0 0 0 0 0 0 0 -0 -0 -1 -1 -1 -2 -2 -3 -4 -5 -6 -8 -10 -12 -14 -17 -20
 -4 -4 -3 -3 -2 -2 -2 -2 -1 -1 -1 -1 -1 -1 -0 -0 -0 -0 0 0 0 0 0 0 0 0 1 1 1 1 0 0 0 0 -0 -0 -1 -1 -1 -2 -3 -4 -5 -6 -8 -9 -11 -14 -17 -20
 -4 -4 -3 -3 -2 -2 -2 -1 -1 -1 -1 -1 -0 -0 -0 -0 0 0 0 0 0 0 1 1 1 1 1 1 1 1 1 1 0 0 0 -0 -0 -1 -1 -2 -3 -4 -5 -6 -7 -9 -11 -14 -17 -20
 -4 -3 -3 -2 -2 -2 -1 -1 -1 -1 -1 -0 -0 -0 -0 0 0 0 0 0 1 1 1 1 1 1 1 1 1 1 1 1 1 0 0 0 -0 -1 -1 -2 -3 -3 -4 -6 -7 -9 -11 -14 -17 -20
 -4 -3 -3 -2 -2 -2 -1 -1 -1 -1 -0 -0 -0 0 0 0 0 0 1 1 1 1 1 1 1 1 1 1 1 1 1 1 1 1 0 0 -0 -1 -1 -2 -2 -3 -4 -6 -7 -9 -11 -14 -16 -20
 -4 -3 -3 -2 -2 -1 -1 -1 -1 -0 -0 -0 0 0 0 0 0 1 1 1 1 1 1 1 1 1 1 1 1 1 1 1 1 1 1 0 -0 -0 -1 -2 -2 -3 -4 -6 -7 -9 -11 -14 -16 -20
 -3 -3 -2 -2 -2 -1 -1 -1 -1 -0 -0 0 0 0 0 1 1 1 1 1 1 1 1 1 1 1 1 1 1 1 1 1 1 1 1 0 0 -0 -1 -2 -2 -3 -4 -6 -7 -9 -11 -14 -16 -20
 -3 -3 -2 -2 -1 -1 -1 -1 -0 -0 -0 0 0 0 1 1 1 1 1 1 1 1 1 1 1 1 1 1 1 1 1 1 1 1 1 0 0 -0 -1 -1 -2 -3 -4 -6 -7 -9 -11 -14 -17 -20
 -3 -3 -2 -2 -1 -1 -1 -1 -0 -0 0 0 0 0 1 1 1 1 1 1 1 1 1 1 1 1 1 1 1 1 1 1 1 1 1 0 0 -0 -1 -1 -2 -3 -4 -6 -7 -9 -11 -14 -17 -20
 -3 -2 -2 -2 -1 -1 -1 -0 -0 -0 0 0 0 1 1 1 1 1 1 1 1 1 1 1 1 1 1 1 1 1 1 1 1 1 1 0 0 -0 -1 -1 -2 -3 -4 -6 -7 -9 -11 -14 -17 -20
 -3 -2 -2 -2 -1 -1 -1 -0 -0 0 0 0 0 1 1 1 1 1 1 1 1 1 1 1 1 1 1 1 1 1 1 1 1 1 1 0 0 -0 -1 -1 -2 -3 -4 -6 -7 -9 -11 -14 -17 -20
 -3 -2 -2 -1 -1 -1 -1 -0 -0 0 0 0 1 1 1 1 1 1 1 1 1 1 1 1 1 1 1 1 1 1 1 1 1 1 1 0 0 -0 -1 -2 -2 -3 -4 -6 -7 -9 -12 -14 -17 -21
 -3 -2 -2 -1 -1 -1 -0 -0 -0 0 0 0 1 1 1 1 1 1 1 1 1 1 1 1 1 1 1 1 1 1 1 1 1 1 1 0 0 -0 -1 -2 -2 -3 -5 -6 -8 -9 -12 -14 -17 -21
 -3 -2 -2 -1 -1 -1 -0 -0 0 0 0 1 1 1 1 1 1 1 1 1 1 1 1 1 1 1 1 1 1 1 1 1 1 1 1 0 -0 -0 -1 -2 -3 -3 -5 -6 -8 -10 -12 -15 -18 -21
 -3 -2 -2 -1 -1 -1 -0 -0 0 0 0 1 1 1 1 1 1 1 1 1 1 1 1 1 1 1 1 1 1 1 1 1 1 1 1 0 -0 -1 -1 -2 -3 -4 -5 -6 -8 -10 -12 -15 -18 -21
 -3 -2 -2 -1 -1 -1 -0 -0 0 0 0 1 1 1 1 1 1 1 1 1 1 1 1 1 1 1 1 1 1 1 1 1 1 1 1 0 -0 -1 -1 -2 -3 -4 -5 -6 -8 -10 -12 -15 -18 -22
 -3 -2 -2 -1 -1 -1 -0 -0 0 0 0 1 1 1 1 1 1 1 1 1 1 1 1 1 1 1 1 1 1 1 1 1 1 1 0 0 -0 -1 -1 -2 -3 -4 -5 -7 -8 -10 -13 -15 -19 -22
 -3 -2 -2 -1 -1 -1 -0 -0 0 0 0 1 1 1 1 1 1 1 1 1 1 1 1 1 1 1 1 1 1 1 1 1 1 1 0 0 -0 -1 -1 -2 -3 -4 -5 -7 -9 -11 -13 -16 -19 -23
 -3 -2 -2 -1 -1 -1 -0 -0 0 0 0 1 1 1 1 1 1 1 1 1 1 1 1 1 1 1 1 1 1 1 1 1 1 1 0 -0 -1 -1 -2 -2 -3 -4 -6 -7 -9 -11 -13 -16 -19 -23
 -3 -2 -2 -1 -1 -1 -0 -0 0 0 0 1 1 1 1 1 1 1 1 1 1 1 1 1 1 1 1 1 1 1 1 1 1 0 0 -0 -1 -1 -2 -3 -4 -5 -6 -7 -9 -11 -14 -17 -20 -24
 -3 -2 -2 -1 -1 -1 -0 -0 0 0 0 0 1 1 1 1 1 1 1 1 1 1 1 1 1 1 1 1 1 1 1 1 0 0 -0 -0 -1 -1 -2 -3 -4 -5 -6 -8 -10 -12 -14 -17 -20 -24
 -3 -2 -2 -1 -1 -1 -0 -0 -0 0 0 0 1 1 1 1 1 1 1 1 1 1 1 1 1 1 1 1 1 1 1 0 0 0 -0 -1 -1 -2 -2 -3 -4 -5 -7 -8 -10 -12 -15 -18 -21 -25
 -3 -2 -2 -1 -1 -1 -1 -0 -0 0 0 0 0 1 1 1 1 1 1 1 1 1 1 1 1 1 1 1 1 1 0 0 0 -0 -0 -1 -1 -2 -3 -3 -4 -6 -7 -9 -10 -13 -15 -18 -22 -26
 -3 -3 -2 -2 -1 -1 -1 -0 -0 -0 0 0 0 0 0 1 1 1 1 1 1 1 1 1 1 1 1 1 1 0 0 0 -0 -0 -1 -1 -2 -2 -3 -4 -5 -6 -7 -9 -11 -13 -16 -19 -22 -26
 -3 -3 -2 -2 -1 -1 -1 -1 -0 -0 -0 -0 0 0 0 0 0 0 1 1 1 1 1 1 1 1 0 0 0 0 -0 -0 -0 -1 -1 -2 -2 -3 -3 -4 -5 -6 -8 -10 -12 -14 -16 -20 -23 -27
 -3 -3 -2 -2 -2 -1 -1 -1 -1 -0 -0 -0 -0 -0 0 0 0 0 0 0 0 0 0 0 0 0 0 0 -0 -0 -0 -1 -1 -1 -1 -2 -2 -3 -4 -5 -6 -7 -8 -10 -12 -15 -17 -20 -24 -28
 -4 -3 -3 -2 -2 -2 -1 -1 -1 -1 -1 -0 -0 -0 -0 -0 -0 -0 0 0 0 0 0 0 -0 -0 -0 -0 -0 -0 -1 -1 -1 -1 -2 -2 -3 -4 -4 -5 -6 -8 -9 -11 -13 -15 -18 -21 -25 -29
 -4 -4 -3 -3 -2 -2 -2 -1 -1 -1 -1 -1 -1 -1 -1 -0 -0 -0 -0 -0 -0 -0 -0 -0 -0 -0 -1 -1 -1 -1 -1 -1 -2 -2 -2 -3 -3 -4 -5 -6 -7 -8 -10 -12 -14 -16 -19 -22 -26 -30
 -5 -4 -3 -3 -3 -2 -2 -2 -2 -1 -1 -1 -1 -1 -1 -1 -1 -1 -1 -1 -1 -1 -1 -1 -1 -1 -1 -1 -1 -1 -2 -2 -2 -3 -3 -3 -4 -5 -6 -7 -8 -9 -11 -12 -15 -17 -20 -23 -27 -31
 -5 -4 -4 -4 -3 -3 -3 -2 -2 -2 -2 -2 -2 -1 -1 -1 -1 -1 -1 -1 -1 -1 -1 -1 -1 -1 -2 -2 -2 -2 -2 -2 -3 -3 -4 -4 -5 -6 -6 -7 -9 -10 -12 -13 -16 -18 -21 -24 -28 -33
 -6 -5 -5 -4 -4 -3 -3 -3 -3 -3 -2 -2 -2 -2 -2 -2 -2 -2 -2 -2 -2 -2 -2 -2 -2 -2 -2 -2 -3 -3 -3 -3 -4 -4 -4 -5 -6 -6 -7 -8 -10 -11 -13 -15 -17 -19 -22 -26 -30 -34
 -6 -6 -5 -5 -4 -4 -4 -4 -3 -3 -3 -3 -3 -3 -3 -3 -3 -3 -3 -3 -3 -3 -3 -3 -3 -3 -3 -3 -3 -4 -4 -4 -4 -5 -5 -6 -7 -7 -8 -9 -11 -12 -14 -16 -18 -21 -24 -27 -31 -36
 -7 -7 -6 -6 -5 -5 -5 -4 -4 -4 -4 -4 -4 -4 -4 -4 -3 -3 -3 -3 -3 -4 -4 -4 -4 -4 -4 -4 -4 -5 -5 -5 -5 -6 -6 -7 -8 -9 -10 -11 -12 -13 -15 -17 -20 -22 -25 -29 -33 -38
 -8 -8 -7 -7 -6 -6 -6 -6 -5 -5 -5 -5 -5 -5 -5 -5 -5 -4 -4 -4 -5 -5 -5 -5 -5 -5 -5 -5 -5 -6 -6 -6 -7 -7 -8 -8 -9 -10 -11 -12 -13 -15 -17 -19 -21 -24 -27 -31 -35 -40
 -10 -9 -9 -8 -8 -7 -7 -7 -7 -6 -6 -6 -6 -6 -6 -6 -6 -6 -6 -6 -6 -6 -6 -6 -6 -6 -6 -7 -7 -7 -7 -8 -8 -9 -9 -10 -11 -12 -13 -14 -15 -17 -19 -21 -23 -26 -29 -33 -37 -42
 -11 -11 -10 -10 -9 -9 -8 -8 -8 -8 -8 -7 -7 -7 -7 -7 -7 -7 -7 -7 -7 -7 -7 -7 -8 -8 -8 -8 -8 -9 -9 -9 -10 -10 -11 -12 -12 -13 -14 -16 -17 -19 -21 -23 -25 -28 -32 -35 -40 -45
 -13 -12 -12 -11 -11 -10 -10 -10 -10 -9 -9 -9 -9 -9 -9 -9 -9 -9 -9 -9 -9 -9 -9 -9 -9 -10 -10 -10 -10 -11 -11 -11 -12 -12 -13 -14 -15 -15 -17 -18 -19 -21 -23 -25 -28 -31 -34 -38 -43 -48
 -15 -14 -14 -13 -13 -12 -12 -12 -12 -11 -11 -11 -11 -11 -11 -11 -11 -11 -11 -11 -11 -11 -11 -11 -11 -12 -12 -12 -12 -13 -13 -14 -14 -15 -15 -16 -17 -18 -19 -20 -22 -24 -26 -28 -31 -34 -37 -41 -46 -51
 -18 -17 -16 -16 -15 -15 -15 -14 -14 -14 -14 -14 -13 -13 -13 -13 -13 -13 -13 -13 -13 -13 -14 -14 -14 -14 -14 -15 -15 -15 -16 -16 -17 -17 -18 -19 -20 -21 -22 -23 -25 -27 -29 -31 -34 -37 -41 -45 -49 -55
 -20 -20 -19 -18 -18 -18 -17 -17 -17 -17 -16 -16 -16 -16 -16 -16 -16 -16 -16 -16 -16 -16 -16 -17 -17 -17 -17 -17 -18 -18 -19 -19 -20 -20 -21 -22 -23 -24 -25 -27 -28 -30 -32 -35 -38 -41 -45 -49 -54 -59
 -24 -23 -22 -22 -21 -21 -20 -20 -20 -20 -20 -19 -19 -19 -19 -19 -19 -19 -19 -19 -19 -19 -20 -20 -20 -20 -21 -21 -21 -22 -22 -23 -23 -24 -25 -26 -27 -28 -29 -31 -32 -34 -37 -39 -42 -45 -49 -53 -58 -64
 -27 -27 -26 -25 -25 -25 -24 -24 -24 -23 -23 -23 -23 -23 -23 -23 -23 -23 -23 -23 -23 -23 -23 -24 -24 -24 -24 -25 -25 -25 -26 -27 -27 -28 -29 -30 -31 -32 -33 -35 -37 -39 -41 -44 -47 -50 -54 -58 -63 -69


