X =

   1.0000   2.6475   3.9423
   1.0000   2.0133   3.9423
   1.0000   3.0200   3.9423
   1.0000   1.7818   2.6282
   1.0000   3.7750   5.2564
   1.0000   2.4978   5.2564
   1.0000   1.9303   3.9423
   1.0000   1.7956   3.9423
   1.0000   1.7365   3.9423
   1.0000   1.8799   3.9423
   1.0000   2.4412   5.2564
   1.0000   2.5167   3.9423
   1.0000   2.3782   3.9423
   1.0000   5.6348   6.5705
   1.0000   1.5956   3.9423
   1.0000   2.8942   5.2564
   1.0000   1.6610   2.6282
   1.0000   1.5553   3.9423
   1.0000   3.2830   5.2564
   1.0000   3.8140   5.2564
   1.0000   2.2235   3.9423
   1.0000   2.3757   2.6282
   1.0000   2.0184   3.9423
   1.0000   2.4688   5.2564
   1.0000   4.8949   3.9423
   1.0000   1.3842   3.9423
   1.0000   1.8346   3.9423
   1.0000   3.1785   3.9423
   1.0000   2.7683   3.9423
   1.0000   3.3182   3.9423
   1.0000   2.3141   2.6282
   1.0000   1.2583   1.3141
   1.0000   2.5670   5.2564
   1.0000   3.9474   3.9423
   1.0000   2.2788   5.2564
   1.0000   1.8082   3.9423
   1.0000   1.5591   3.9423
   1.0000   2.6828   5.2564
   1.0000   5.3039   5.2564
   1.0000   2.7205   5.2564
   1.0000   2.0939   2.6282
   1.0000   2.8161   3.9423
   1.0000   3.2301   5.2564
   1.0000   1.5100   3.9423
   1.0000   1.0721   2.6282
   1.0000   2.3304   5.2564
   1.0000   1.5138   3.9423

